0 0
0 0
0 0
0 0
0 0
0 0
0 0
0 0
0 0
0 0
0 0
0 0
0 0
0 0
0 0
0 0
0 0
0 0
0 0
0 0
0 0
0 0
0 0
0 0
0 0
0 0
0 0
0 0
0 0
0 0
0 0
0 0
0 0
0 0
0 0
0 0
0 0
0 0
0 0
0 0
0 0
0 0
0 0
0 0
0 0
0 0
0 0
0 0
0 0
0 0
0 0
0 0
0 0
0 0
0 0
0 0
           0 -0.000872665
          0 0.000872665
          0 0.000349066
          0 0.000523599
          0 -0.00279253
          0 0.000872665
         0 0.00314159
          0 0.000872665
0.000710767  0.00401426
           0 -0.000698132
0.000710767 0.000523599
0.0021323  0.010821
0.000710767           0
 0.0021323 0.00488692
0.00497537  0.0015708
0.00355384  0.0214675
0.00639691   0.016057
 0.0042646 0.00925025
0.00710767  0.0267035
0.0170584 0.0207694
0.0135046 0.0207694
0.0220338 0.0891863
0.0255876 0.0958186
0.0383814 0.0977384
0.0262984  0.165108
0.0362491  0.151146
0.0298522  0.139452
0.0298522  0.136834
0.0348276  0.144688
0.0319845  0.150447
0.0341168  0.156556
0.0341168  0.176453
0.0376707   0.14399
0.0447783  0.130202
0.0355384  0.120602
0.0405137   0.12514
0.070366 0.136659
0.0597045  0.154811
0.0803167   0.16825
0.0881352   0.14207
0.0888459  0.125489
0.0852921   0.10664
0.0810275 0.0832522
0.0831598 0.0755728
0.0852921 0.0499164
0.0852921 0.0541052
0.0895567 0.0947714
0.0852921 0.0856957
0.0845813  0.105243
0.0902675 0.0851721
0.0852921 0.0741765
0.0902675 0.0497419
0.0902675 0.0432842
0.0902675 0.0651008
0.0874244 0.0678933
0.0874244 0.0720821
0.0895567  0.055676
 0.091689 0.0617847
0.0888459 0.0703368
0.0923998 0.0842994
0.0938213 0.0731293
0.0902675 0.0804597
0.0931105  0.058294
0.0923998 0.0495674
 0.091689 0.0492183
0.0938213 0.0645772
0.0959536 0.0551524
0.0931105 0.0424115
 0.091689 0.0359538
 0.091689 0.0347321
0.0938213 0.0420624
0.0909782 0.0553269
0.0931105 0.0558505
0.0945321 0.0532325
0.0938213 0.0513127
0.0938213 0.0481711
0.0938213 0.0424115
0.0923998 0.0666716
0.0945321 0.0593412
0.0938213 0.0460767
0.0938213 0.0532325
0.0938213 0.0514872
0.0938213 0.0532325
0.0966644 0.0644026
 0.100218 0.0621337
0.0959536 0.0572468
0.0980859 0.0514872
0.0959536 0.0366519
0.0959536 0.0466003
0.0959536 0.0546288
0.0980859 0.0589921
0.0945321 0.0459022
0.0959536 0.0506145
0.0966644 0.0528835
0.0980859 0.0626573
0.0948874   0.07662
0.0973751 0.0561996
0.0966644 0.0586431
0.0973751  0.079587
0.0995074 0.0886627
0.0980859 0.0834267
0.0966644  0.103149
 0.102351 0.0945968
0.0966644  0.131772
0.100218 0.133169
0.0987967  0.128631
0.0995074  0.229162
0.100218 0.191986
0.0973751  0.181689
0.0959536  0.174707
0.0995074  0.204553
0.0980859   0.21101
0.0995074  0.210138
0.106615 0.215723
0.0995074  0.201586
0.0987967   0.21869
0.100218 0.192335
0.100218  0.19059
0.0995074  0.202458
0.0987967  0.186401
0.100929 0.226369
0.0959536  0.224973
0.100218 0.197397
0.100218  0.19059
0.100218 0.198793
0.100929 0.220959
0.0995074  0.223402
0.100218  0.22602
0.108747 0.216421
0.113012 0.211883
0.113723 0.221133
0.113012 0.221657
0.115144 0.200887
0.117277 0.200538
0.113723 0.213279
0.113012 0.211534
0.113723 0.204204
0.113012 0.204553
0.116566 0.217293
0.116566 0.196873
0.117277 0.187972
0.114434 0.204378
0.112301 0.198444
0.115144 0.194779
0.113012 0.202807
0.116566 0.195477
0.114434 0.200538
0.113012 0.205076
0.115855 0.190241
0.115144 0.189368
0.115144  0.19635
0.118698 0.195477
0.117987 0.206647
0.123674  0.21677
0.116566  0.21677
0.123674 0.216246
0.126517 0.204553
0.125806  0.19792
0.128649 0.197048
0.125806  0.19443
0.123674 0.189717
0.126517 0.198618
0.125095  0.19443
0.128649 0.216944
 0.13007 0.212407
0.127227 0.202284
0.126517    0.196
 0.12936 0.186925
0.132203 0.190939
0.131492 0.193732
0.127938 0.198618
0.135046 0.185179
0.133624 0.174533
0.134335 0.151495
0.136467 0.137532
0.134335 0.131423
  0.134335 -0.0125664
 0.134335 0.0198968
 0.140732 0.0232129
 0.136467 0.0287979
 0.140732 0.0235619
 0.135757 0.0254818
 0.137178 0.0324631
 0.137889 0.0118682
   0.1386 0.0267035
0.137889 0.034383
  0.134335 0.00698132
  0.137889 0.00139626
 0.136467 0.0256563
 0.135757 0.0537561
 0.140732 0.0699877
  0.13931 0.0219911
    0.137889 -0.000349066
 0.137178 0.0335103
   0.1386 0.0401426
   0.1386 0.0258309
 0.137178 0.0403171
   0.1386 0.0144862
   0.140732 -0.00314159
    0.137178 -0.000523599
 0.137178 0.0284489
 0.137889 0.0445059
 0.140021 0.0336849
   0.1386 0.0527089
   0.1386 0.0446804
  0.140021 0.00907571
  0.144997 0.00698132
 0.140732 0.0401426
 0.137889 0.0340339
   0.140732 -0.00680678
     0.1386 -0.00785398
  0.13931 0.0247837
  0.13931 0.0361283
 0.142864 0.0136136
  0.142864 0.00628319
 0.140021 0.0326377
 0.140732 0.0366519
 0.142864 0.0284489
 0.142864 0.0258309
 0.144286 0.0883137
 0.144286 0.0907571
 0.147129 0.0783653
0.143575 0.178373
0.145707 0.201236
0.144286 0.163886
0.140732 0.169646
0.149261 0.185179
0.147129 0.186925
0.142153 0.176104
0.142864 0.183783
 0.14784 0.179769
0.149261 0.177675
0.151393 0.186401
0.152104  0.12514
 0.151393 0.0862193
 0.149261 0.0855211
 0.153526 0.0705113
 0.153526 0.0558505
0.150683 0.071384
0.152104 0.090059
 0.152104 0.0876155
 0.151393 0.0799361
0.151393 0.165806
0.151393 0.161967
0.151393 0.154462
0.151393 0.165806
0.152815 0.164585
0.155658 0.146957
0.152104 0.150447
0.150683 0.192335
 0.153526 0.0958186
 0.151393 0.0331613
  0.154237 -0.0155334
  0.153526 -0.0109956
 0.154237 0.0481711
  0.15779 0.0574213
 0.154237 0.0453786
0.153526 0.018675
  0.153526 0.00541052
 0.154947 0.0226893
 0.155658 0.0020944
0.155658        0
  0.154237 -0.0216421
  0.155658 -0.0251327
   0.14784 -0.0736529
  0.152104 -0.0600393
0.159923 -0.07662
  0.152104 -0.0748746
  0.154947 -0.0692896
  0.154947 -0.0684169
  0.153526 -0.0673697
  0.152104 -0.0752237
  0.155658 -0.0834267
  0.151393 -0.0829031
 0.152104 0.0335103
  0.15708 0.0359538
 0.159923 0.0132645
  0.153526 0.00401426
 0.152815 0.0464258
  0.153526 0.00401426
  0.15779 -0.010472
   0.155658 -0.00314159
 0.156369 0.0235619
 0.159923 0.0176278
  0.154947 0.00820305
 0.155658 0.0181514
 0.159923 0.0225147
  0.15779 -0.026529
   0.154947 -0.00261799
 0.156369 0.0139626
   0.15779 0.00628319
  0.155658 -0.0225147
   0.15779 -0.0139626
  0.15779 0.0115192
   0.155658 -0.00855211
  0.152815 -0.0216421
  0.15708 -0.010821
  0.150683 -0.0303687
  0.158501 -0.0361283
  0.159923 -0.0839503
  0.153526 -0.0869174
  0.154947 -0.0706858
  0.156937 -0.0748746
  0.155658 -0.0842994
   0.15779 -0.0841249
  0.154947 -0.0820305
  0.155658 -0.0787143
  0.155658 -0.0516617
   0.15779 -0.0527089
  0.159212 -0.0705113
  0.158501 -0.0518363
  0.155658 -0.0436332
  0.156369 -0.0602139
  0.154237 -0.0455531
  0.155658 -0.0476475
   0.15779 -0.0628319
  0.162055 -0.0577704
  0.154947 -0.0759218
  0.162055 -0.0685914
  0.154237 -0.0350811
  0.155658 -0.0560251
   0.15708 -0.0719076
  0.156369 -0.0790634
  0.15708 -0.111003
  0.15708 -0.137532
 0.155658 -0.136659
  0.15779 -0.151495
  0.15779 -0.147131
0.154947 -0.15516
 0.159212 -0.155683
 0.159212 -0.154287
  0.15779 -0.137532
  0.158501 -0.0816814
 0.164187 -0.116588
0.164187 -0.11013
  0.159923 -0.0972148
  0.165609 -0.0918043
 0.168452 -0.105069
 0.162766 -0.100007
  0.167741 -0.0994838
  0.169873 -0.0806342
   0.16632 -0.0520108
  0.165609 -0.0483456
  0.167741 -0.0977384
 0.167741 -0.066497
   0.16632 -0.0588176
  0.169873 -0.0589921
  0.168452 -0.0649262
  0.16703 -0.082205
  0.168452 -0.0907571
  0.174138 -0.0829031
  0.172716 -0.0757473
  0.171295 -0.0907571
  0.179113 -0.0293215
 0.179113 0.0197222
 0.176981 0.0240855
  0.179113 0.00628319
  0.179113 0.00750492
  0.178403 0.00349066
  0.180535 0.00331613
  0.179113 0.00767945
 0.189775 0.0216421
 0.182667 0.0528835
 0.183378 0.0450295
  0.18551 0.0577704
  0.1848 0.053058
 0.184089 0.0528835
 0.187643 0.0535816
 0.182667 0.0443314
 0.181246 0.0268781
 0.182667 0.0427606
  0.18551 0.0612611
  0.1848 0.084823
 0.181956 0.0860447
 0.181246 0.0961676
 0.18551 0.114494
 0.183378 0.0890118
 0.183378 0.0722566
 0.183378 0.0829031
  0.1848 0.105767
0.187643 0.105418
 0.184089 0.0975639
  0.18551 0.0869174
  0.18551 0.0816814
 0.18551 0.102276
  0.184089 -0.0268781
   0.18551 -0.0363028
      0.1848 -0.000698132
   0.1848 0.0190241
  0.190486 0.00191986
  0.187643 0.00279253
 0.184089 0.0172788
 0.186932 0.0267035
0.184089 0.039619
  0.18551 0.0235619
 0.186932 0.0253073
 0.189775 0.0520108
 0.188353 0.0464258
0.182667 0.039619
0.186221 0.104371
0.183378 0.110828
0.184089 0.118508
0.187643 0.118857
0.189064 0.108385
0.189775 0.116413
0.184089 0.189194
0.182525 0.179594
0.187643 0.251502
0.186221 0.324806
0.180535 0.318348
 0.18551 0.311716
0.183378 0.311018
  0.1848 0.353255
0.183378 0.353429
 0.18551 0.311367
 0.18551 0.315381
 0.18551 0.410327
 0.17556 0.456055
0.171295 0.437729
0.172716 0.428827
0.172716 0.429875
0.172716 0.456229
0.170584 0.453786
0.165609  0.46513
0.161344 0.428827
0.170584 0.418355
0.163477 0.428304
0.160633 0.441394
0.164898 0.409978
0.164187 0.410851
0.162766  0.39619
0.163477 0.463909
0.162055 0.478046
0.164187 0.466177
0.161344 0.450993
0.162055 0.459196
0.163477 0.466177
0.162766 0.439648
0.164187 0.464432
0.162055 0.478569
0.164898 0.478918
0.163477 0.451866
 0.16632 0.451866
0.163477 0.485376
0.163477 0.477522
0.164187 0.457451
0.163477  0.48206
0.163477 0.496197
0.163477 0.501259
0.162055 0.491136
0.163477  0.48398
0.164187 0.493405
0.162055 0.503353
0.164898 0.508938
0.164187 0.504749
0.165609 0.472461
0.162055 0.467399
 0.16632 0.467225
0.162055 0.471762
0.161344 0.467923
0.162055 0.474206
0.163477 0.502306
0.164187 0.507891
0.164898 0.491659
0.164898 0.490612
0.164898 0.469319
0.162766  0.47822
0.164898  0.48747
 0.16632 0.480489
0.163477 0.492706
0.162055  0.48398
0.164898 0.473508
0.162055 0.474904
0.164187 0.501084
0.163477 0.511032
0.163477 0.480664
0.161344 0.499688
0.168452 0.448026
0.164187 0.443314
0.163477 0.288328
0.169305 0.134739
0.163477 0.047473
  0.168452 -0.0356047
 0.164187 -0.079587
  0.164187 -0.0968658
  0.168452 -0.0432842
  0.164187 -0.0809833
 0.164187 -0.102625
  0.16632 -0.102625
  0.16632 -0.101055
  0.165609 -0.0951204
  0.165609 -0.0996583
 0.168452 -0.087441
 0.168452 -0.090059
 0.162055 -0.092677
  0.170584 -0.0886627
   0.16632 -0.0139626
  0.164187 -0.0216421
  0.167741 -0.0232129
   0.16632 -0.0303687
  0.164187 -0.0471239
  0.167741 -0.0260054
   0.16632 -0.0305433
  0.168452 -0.0410152
  0.165609 -0.0404916
   0.16632 -0.0260054
  0.170584 -0.0300197
   0.16703 -0.0280998
  0.163477 -0.0294961
   0.16703 -0.0600393
   0.16632 -0.0472984
   0.16632 -0.0253073
  0.165609 -0.0221657
   0.16632 -0.0267035
  0.162055 -0.0312414
  0.168452 -0.0342085
   0.16632 -0.0424115
  0.163477 -0.0261799
   0.16632 -0.0219911
 0.164187 -0.055676
   0.16632 -0.0513127
  0.165609 -0.0357792
   0.16703 -0.0294961
   0.16632 -0.0685914
   0.16632 -0.0757473
   0.16703 -0.0726057
   0.16632 -0.0383972
  0.163477 -0.0479966
  0.167741 -0.0883137
  0.167741 -0.0706858
  0.164898 -0.0619592
  0.170584 -0.0818559
 0.164187 -0.084823
   0.16703 -0.0638791
  0.164614 -0.0738274
  0.164898 -0.0773181
  0.169873 -0.0921534
  0.164187 -0.0651008
   0.16632 -0.0555015
  0.167741 -0.0589921
  0.164187 -0.0836013
  0.164187 -0.0783653
   0.16632 -0.0352557
  0.164187 -0.0472984
   0.16632 -0.0527089
 0.164898 -0.060912
   0.16632 -0.0389208
 0.169873 -0.058294
  0.162055 -0.0624828
  0.159923 -0.0626573
  0.172716 -0.0727802
   0.16632 -0.0778417
  0.162766 -0.0673697
  0.168452 -0.0657989
   0.16632 -0.0846485
  0.163477 -0.0759218
  0.167741 -0.0698132
  0.163477 -0.0549779
  0.172716 -0.0565487
   0.16703 -0.0621337
  0.163477 -0.0626573
 0.162055 -0.069115
  0.165609 -0.0773181
  0.163477 -0.0411898
  0.168452 -0.0532325
   0.16632 -0.0715585
  0.167741 -0.0305433
  0.164187 -0.0277507
 0.162055 0.0279253
   0.16632 0.00244346
   0.16632 0.00645772
  0.168452 0.00837758
0.169873 0.031765
  0.171295 -0.0139626
   0.179824 -0.00523599
 0.172006 0.0198968
 0.178403 0.0214675
0.176981 0.010472
    0.173427 -0.000523599
  0.17954 0.0242601
   0.178403 -0.00593412
   0.183378 -0.00959931
 0.181246 0.0233874
 0.183378 0.0190241
 0.179824 0.0185005
 0.181246 0.0109956
 0.180535 0.0198968
 0.180819 0.0020944
  0.183378 0.00226893
 0.188353 0.0223402
   0.1848 0.0240855
 0.183378 0.0150098
   0.186932 -0.00785398
  0.187643 -0.0120428
   0.1848 0.0319395
 0.186221 0.0176278
   0.18551 -0.0132645
 0.187643 -0.010821
 0.186932 0.0197222
   0.187643 -0.00261799
0.186932 0.016057
  0.18551 0.0120428
  0.188353 0.00767945
 0.189775 0.0191986
  0.184089 0.00453786
   0.18551 0.00593412
0.189775 0.026529
 0.187643 0.0162316
     0.1848 -0.00261799
  0.186932 0.00436332
  0.18551 0.0254818
 0.187643 0.0143117
 0.186221 0.0279253
  0.186932 0.00907571
  0.187643 0.00523599
 0.186221 0.0181514
  0.18551 -0.045204
  0.183378 -0.0624828
   0.18551 -0.0736529
   0.18551 -0.0560251
  0.189775 -0.0172788
    0.1848 -0.0347321
  0.187643 -0.0375246
   0.18551 -0.0427606
  0.187643 -0.0383972
  0.187643 -0.0190241
 0.186932 -0.045204
  0.188353 -0.0284489
  0.183378 -0.0216421
   0.18551 -0.0286234
   0.18551 -0.0289725
 0.187643 -0.042237
 0.189064 -0.034383
 0.188353 0.0015708
 0.187643 0.0116937
  0.186221 0.00401426
 0.189775 0.0116937
  0.186221 0.00698132
    0.187643 -0.000523599
   0.187643 0.000174533
  0.183378 0.00296706
    0.191196 -0.000523599
      0.1848 -0.000174533
   0.188353 -0.00401426
   0.189775 -0.00628319
   0.18551 0.00558505
  0.189775 0.00820305
 0.186932 0.0427606
 0.189775 0.0591667
 0.188353 0.0432842
 0.187643 0.0539307
 0.183378 0.0834267
 0.189064 0.0403171
 0.186932 0.0532325
 0.196172 0.0593412
   0.1848 0.0689405
 0.186221 0.0767945
 0.189775 0.0809833
0.183378 0.109258
0.186221 0.118333
  0.1848 0.111352
0.189775 0.103847
0.186932 0.102102
0.187643 0.129154
 0.187643 0.0933751
0.184089 0.117984
0.189064 0.142768
0.187643 0.152891
0.186221 0.138754
 0.18679 0.146259
0.188353 0.161268
0.190486 0.161443
0.19475 0.05044
 0.191907 0.0232129
0.195461 0.058294
  0.19404 0.0581195
 0.195461 0.0427606
 0.198304 0.0434587
  0.19404 0.0272271
  0.19475 0.0404916
 0.191196 0.0727802
0.191907 0.103323
  0.19404 0.0963422
 0.198304 0.0745256
 0.196172 0.0696386
  0.19404 0.0731293
 0.191907 0.0905826
 0.189775 0.0837758
  0.19475 0.0497419
 0.195461 0.0610865
  0.19475 0.0813323
 0.196172 0.0839503
  0.19404 0.0509636
 0.196172 0.0544543
  0.19475 0.0663225
 0.196172 0.0785398
 0.193329 0.0663225
  0.19404 0.0657989
  0.19404 0.0527089
 0.196883 0.0593412
 0.195461 0.0806342
  0.19404 0.0680678
 0.195461 0.0598648
 0.19404 0.074351
 0.192618 0.0752237
 0.197593 0.0591667
  0.19475 0.0555015
 0.192618 0.0560251
 0.191907 0.0588176
 0.198304 0.0603884
 0.193329 0.0968658
 0.196172 0.0830777
 0.198304 0.0818559
 0.193329 0.0753982
  0.19475 0.0698132
 0.192618 0.0905826
 0.198304 0.0727802
0.196172 0.060912
 0.196172 0.0677188
 0.191907 0.0642281
 0.195461 0.0647517
 0.193329 0.0607375
 0.198304 0.0626573
  0.19475 0.0649262
  0.19475 0.0895354
 0.195461 0.0797615
 0.191907 0.0692896
  0.19475 0.0626573
  0.19404 0.0624828
  0.19475 0.0925025
  0.19404 0.0928515
 0.196172 0.0855211
 0.192973 0.0738274
  0.19404 0.0623083
  0.19475 0.0877901
 0.19475 0.105069
 0.196172 0.0521853
  0.19404 0.0490438
 0.192618 0.0893609
0.189775 0.109083
 0.197593 0.0902335
  0.19404 0.0684169
 0.192618 0.0595157
 0.196883 0.0670206
  0.19475 0.0923279
  0.19404 0.0493928
 0.198304 0.0851721
  0.19404 0.0932006
0.193329  0.11397
  0.19404 0.0996583
  0.19475 0.0631809
 0.196172 0.0729548
 0.193329 0.0914553
 0.195461 0.0829031
 0.195461 0.0832522
 0.193329 0.0881391
0.196172 0.118857
0.196172 0.114319
  0.19404 0.0834267
0.201716 0.103673
 0.198304 0.0846485
0.201147 0.144862
0.199726 0.191986
0.199726 0.183085
0.199726 0.179769
0.200436 0.198269
0.196172 0.204204
0.198304 0.196524
0.200436 0.197222
0.199015 0.190415
0.199015 0.185528
0.199726 0.172613
0.200436 0.170344
0.198304 0.189543
0.202569 0.288328
 0.19404 0.304211
0.199726 0.363028
0.198304 0.338943
0.198304 0.304734
0.197593 0.321664
0.199015 0.349939
0.203279 0.344179
0.200436 0.341386
0.198304 0.316952
0.198304 0.325504
0.198304 0.331787
0.197593 0.330216
0.200436 0.286234
0.196172 0.298975
0.202569 0.307876
0.199015 0.268955
0.199015 0.297753
0.198304 0.304734
0.196883 0.296881
0.199726 0.262498
0.198304 0.267035
0.199726 0.296008
0.199726 0.296706
0.200436 0.296357
0.197593 0.286409
0.199726 0.325678
0.199015 0.318174
0.202569 0.301244
0.20399 0.27838
0.200436 0.254993
0.196883 0.261799
0.196883 0.307003
0.198304 0.297928
0.200436 0.290423
0.199015 0.285361
0.200436 0.296182
0.196883 0.309621
0.200436 0.301942
0.197593 0.275064
0.200436 0.271748
0.196883  0.31765
0.199015 0.330042
0.200436 0.286234
0.201147 0.304211
0.198304 0.296881
0.199726 0.309621
0.200436 0.301069
0.196883 0.277507
0.200863 0.314159
0.199726  0.30264
0.199015 0.322013
0.199726 0.296531
0.196172 0.295135
0.199015 0.304734
0.200436 0.315905
0.202569 0.306131
0.196883 0.292343
0.199726 0.304909
0.200436  0.30072
0.198304 0.263545
0.198304 0.253247
0.202569 0.285361
0.196172 0.301767
0.200436 0.304036
0.199015 0.252549
0.196172 0.253422
0.199015 0.275064
0.196883 0.304036
0.200436  0.30072
0.197593 0.268955
0.199015 0.275587
0.196883 0.268606
0.196172 0.260229
0.202569 0.214326
0.202569 0.191114
0.197593 0.175231
0.202569 0.130376
 0.200436 0.0823795
 0.198304 0.0809833
0.200436 0.107687
  0.200436 0.00593412
 0.202569 0.0287979
 0.204701 0.0293215
 0.200436 0.0294961
 0.202569 0.0315905
  0.201147 0.00436332
  0.201147 -0.0111701
 0.202569 0.0162316
 0.202569 0.0282743
  0.198304 0.00314159
   0.197593 -0.00925025
  0.203279 -0.0300197
  0.200436 -0.0253073
  0.199015 -0.0307178
 0.206123 -0.026529
  0.200436 -0.0225147
   0.196883 -0.00488692
  0.201858 -0.0294961
  0.199015 -0.0394444
  0.202569 -0.0342085
  0.201147 -0.0523599
  0.206833 -0.0633555
  0.200436 -0.0804597
  0.199583 -0.0541052
  0.199015 -0.0670206
  0.20399 -0.103323
 0.200436 -0.125838
0.200436 -0.12706
  0.203279 -0.0710349
  0.204701 -0.0809833
  0.198304 -0.0949459
  0.198304 -0.0886627
 0.200436 -0.116413
 0.200436 -0.120777
 0.202569 -0.134565
 0.200436 -0.112574
0.201858 -0.10472
0.200436 -0.10664
 0.199726 -0.104894
  0.202569 -0.0977384
  0.201147 -0.0933751
 0.201147 -0.134041
 0.201147 -0.155683
 0.204701 -0.159698
 0.199015 -0.163014
 0.200436 -0.143466
 0.201858 -0.135787
 0.191907 -0.139452
 0.201858 -0.134914
 0.202569 -0.143292
 0.199015 -0.142419
 0.201858 -0.164235
 0.200436 -0.159174
 0.198304 -0.164235
 0.199015 -0.178198
 0.202569 -0.185354
 0.200436 -0.183958
 0.200436 -0.191288
 0.201858 -0.183609
 0.204701 -0.176976
 0.201147 -0.165632
 0.201858 -0.168424
 0.206833 -0.192161
0.202569 -0.19792
 0.196883 -0.168773
 0.200436 -0.198095
 0.203279 -0.200887
 0.204701 -0.195128
 0.202569 -0.181863
0.202569 -0.18326
 0.198304 -0.204204
 0.200436 -0.182911
  0.20399 -0.194779
 0.200436 -0.201586
 0.201858 -0.186925
0.208966 -0.18134
 0.201147 -0.192859
 0.201858 -0.205251
 0.198304 -0.202982
  0.19404 -0.222355
 0.195461 -0.215374
 0.196883 -0.182736
 0.193329 -0.193208
  0.19404 -0.192684
 0.193329 -0.195477
 0.196172 -0.191986
 0.195461 -0.197571
 0.196172 -0.220086
 0.196172 -0.189717
  0.19404 -0.179769
 0.193329 -0.222355
 0.193329 -0.225671
  0.19404 -0.197048
 0.191907 -0.204553
 0.197593 -0.236318
 0.202569 -0.239983
 0.195461 -0.216072
  0.19475 -0.211883
 0.192618 -0.242077
 0.191907 -0.234921
 0.195461 -0.229511
 0.195461 -0.238237
 0.198304 -0.216944
 0.196172 -0.205949
 0.192618 -0.205251
 0.191907 -0.223053
0.191907 -0.24487
 0.196883 -0.320268
 0.199015 -0.307352
 0.200436 -0.292517
 0.187643 -0.248884
 0.196172 -0.288852
 0.192618 -0.422021
 0.196172 -0.391303
0.193329 -0.23178
 0.19276 -0.27646
  0.19475 -0.268257
0.196172 -0.21677
  0.19475 -0.145211
 0.191907 -0.138405
  0.199726 -0.0136136
0.191907 0.020944
  0.191907 -0.0132645
   0.196883 -0.00139626
 0.202569 0.0109956
 0.191196 0.0595157
  0.19475 0.0678933
 0.193329 0.0544543
 0.196172 0.0614356
0.191907 0.106465
0.196172 0.155858
0.196172 0.144862
0.192618 0.111527
0.192618 0.211534
0.195461 0.197048
0.191196 0.169995
 0.19475 0.182387
0.191907 0.208218
 0.18551 0.215374
0.196172  0.22218
0.198304 0.221308
0.190486 0.204029
0.19475 0.19792
 0.19475 0.205949
0.200436 0.212058
0.191907 0.205251
 0.19475 0.213279
 0.19404 0.221831
0.191196 0.181689
0.192618 0.216595
0.200436  0.21293
 0.19404 0.216595
 0.19475 0.241205
0.191196  0.21485
0.191907 0.204553
0.19404 0.17017
 0.19404 0.200015
0.187643  0.23178
0.192618 0.254993
0.190486 0.228813
0.196172 0.238237
0.191907 0.217817
 0.19475 0.200713
0.190486  0.21485
0.196172 0.213279
0.193329 0.234572
0.193329 0.212232
 0.19404 0.208916
 0.19404 0.198793
0.195461 0.224275
0.191907 0.224449
0.189064 0.220086
 0.1848 0.23178
0.188353 0.247139
0.187643  0.25796
0.184089 0.243648
0.189064  0.28222
 0.18551 0.287805
0.176981 0.286758
0.177692 0.324806
0.179824 0.328645
0.181246 0.327773
0.172716 0.294961
0.174849 0.286932
0.172716 0.324806
0.172006 0.361632
0.172006 0.341212
0.172716 0.321141
0.171295 0.307527
0.173427 0.318348
0.171295 0.313287
0.170584 0.319744
0.172006 0.363378
0.176981 0.361458
0.171295 0.297055
0.172006 0.290946
0.172006 0.312065
0.172716 0.326377
0.171295 0.361458
0.169873 0.390605
0.171295 0.453437
 0.16632 0.463385
0.172006 0.418181
0.176981 0.405964
0.168452 0.420275
0.173427 0.454309
0.170584 0.407185
0.172716 0.395666
0.170584 0.369486
0.171295 0.405265
0.169163   0.4016
0.172716 0.404567
0.171295 0.400553
0.168452 0.407011
0.172716 0.386939
 0.16632 0.387987
0.169873 0.375595
0.172716 0.371755
0.167741 0.391652
0.172716 0.390256
0.170584 0.425686
0.172716 0.418879
0.181246 0.333881
0.180819 0.323933
0.179113 0.356396
0.179824  0.36425
0.181246 0.344528
0.183378 0.331613
0.181246  0.32306
0.183378 0.329867
0.181246 0.326726
0.183378  0.31189
0.187643 0.168773
0.188353   0.1309
 0.186932 0.0801106
  0.188353 0.00942478
 0.196172 0.0211185
 0.192618 0.0492183
 0.187643 0.0471239
 0.189064 0.0300197
 0.183378 0.0274017
 0.187643 0.0415388
 0.187643 0.0359538
 0.193329 0.0263545
 0.186221 0.0225147
 0.187643 0.0275762
 0.191907 0.0333358
 0.186932 0.0520108
 0.187643 0.0565487
 0.189775 0.0310669
 0.183378 0.0260054
 0.189064 0.0232129
 0.190486 0.0417134
  0.187643 0.00994838
0.188353 0.018675
 0.188353 0.0305433
 0.191907 0.0378736
 0.190486 0.0176278
0.189348 0.039619
 0.189064 0.0151844
  0.191196 -0.0289725
  0.186221 0.00261799
 0.187643 0.0197222
 0.191907 0.0143117
    0.187643 -0.000349066
  0.189064 -0.0249582
 0.188922 0.0450295
 0.190486 0.0483456
 0.188353 0.0268781
 0.190486 0.0561996
0.189775 0.055676
 0.187643 0.0260054
  0.189775 0.00837758
  0.190486 0.00226893
0.189064 0.104371
0.188353 0.095644
 0.189775 0.0696386
 0.187643 0.0605629
 0.187643 0.0932006
 0.188353 0.0938987
 0.191907 0.0842994
 0.186932 0.0619592
 0.189775 0.0834267
 0.191907 0.0942478
0.188353 0.107512
0.187643 0.111876
  0.1848 0.117984
  0.18551 0.0993092
 0.190486 0.0815069
 0.189775 0.0975639
 0.190486 0.0883137
0.186932 0.101229
 0.191907 0.0975639
 0.18551 0.102625
 0.18551 0.112923
0.189064  0.10472
0.187643  0.10664
0.183378 0.104894
 0.189775 0.0842994
 0.189775 0.0745256
 0.188353 0.0841249
0.186221 0.114668
0.188353 0.100182
 0.191907 0.0923279
0.186932 0.189717
0.189064 0.201586
0.187643 0.192684
 0.18551 0.200887
0.189064 0.224449
 0.18551 0.211185
0.186932 0.190764
0.186221  0.22061
0.189775 0.222006
0.189775 0.217293
0.189775 0.220959
0.189064 0.192859
0.188353   0.2337
0.183378 0.232478
0.187643 0.185878
0.189775  0.19251
0.189064 0.141372
0.188353 0.142593
0.188353 0.176976
 0.18551 0.179594
  0.1848 0.155334
0.187643 0.165283
0.187643 0.172439
0.190486 0.159174
0.188353 0.120777
0.191196 0.153414
0.183378 0.188146
0.187643 0.162316
0.188353 0.173486
0.191907 0.172264
0.187643 0.169995
0.187643 0.178198
0.187643  0.18326
0.188353 0.167203
0.189775 0.183958
0.188353 0.190764
0.186221 0.189368
0.189064 0.197397
0.187643 0.192859
  0.1848 0.183958
0.191907 0.174533
0.189775 0.164934
 0.18551 0.162141
0.186932 0.167552
0.188353  0.17366
0.186221 0.178547
0.189064 0.196699
0.186221 0.190066
0.187643 0.194604
0.186221   0.2056
0.181246 0.202633
0.190486 0.196873
0.189775 0.186227
0.188353 0.171391
0.188353 0.207869
0.186932 0.185005
0.188353 0.185005
0.188353 0.171042
0.189775 0.167901
0.186932 0.125315
0.188922 0.053058
0.188353  0.07662
0.188353 0.010472
 0.191196 0.0151844
 0.189775 0.0261799
  0.189064 0.00855211
  0.18551 0.0122173
 0.188353 0.0165806
   0.188496 -0.00925025
 0.191196 0.0155334
 0.189775 0.0282743
 0.186221 0.0158825
  0.187643 0.00191986
 0.189064 0.0127409
  0.191907 0.00994838
 0.190486 0.0174533
 0.187643 0.0176278
 0.187643 0.0235619
 0.189775 0.0151844
 0.187643 0.0190241
 0.190486 0.0654498
 0.189064 0.0973894
0.183378 0.105418
 0.188353 0.0834267
 0.189775 0.0499164
 0.186932 0.0668461
0.186932 0.136834
0.189064 0.114319
0.188353 0.126013
0.189775 0.139103
0.186221 0.105592
0.183378 0.106291
0.187643 0.118333
0.186363 0.136659
0.191907 0.126885
0.184089 0.116413
0.189064 0.114494
0.187643 0.117461
 0.18551 0.120253
0.189775 0.118333
0.186932 0.109432
  0.1848 0.114319
0.189775 0.118857
0.191907 0.115192
0.186221 0.103498
0.188353 0.126711
0.188353 0.133692
0.181246 0.137008
0.186221 0.144513
0.191907 0.150971
0.186932 0.125838
0.187643  0.11973
0.186932 0.134739
0.187643 0.138056
0.188353 0.145037
 0.18551 0.151146
0.186932 0.145037
0.187643 0.136659
0.187643 0.129503
 0.18551 0.126362
0.186221 0.105767
0.188353 0.130551
 0.18551 0.126711
0.191907  0.12898
0.189064 0.135088
0.186932 0.127933
0.18551 0.12706
 0.18551 0.125664
 0.18551 0.139103
0.191907 0.129329
0.189064 0.106291
0.186932 0.135263
0.187643 0.153764
0.189775  0.13631
0.186221 0.155509
0.187643 0.145386
 0.18551 0.150273
0.184089 0.151495
0.191907 0.144164
0.187643 0.137706
0.187643 0.130376
0.188353 0.134914
  0.1848 0.119555
0.188353 0.147829
0.186932 0.150273
 0.18551 0.133169
0.183378  0.13631
0.186932  0.13439
0.189775 0.132994
0.187643  0.11589
 0.18551 0.116588
0.188353 0.129678
0.187643 0.149051
0.190486 0.140324
 0.18551 0.133518
0.189064 0.121999
0.187643 0.119904
0.184089 0.119904
0.190486 0.168948
0.189064 0.151495
0.186221  0.14399
0.191907 0.154811
0.187643 0.163712
0.184089 0.148353
0.189064 0.136659
0.187643 0.139975
0.186221 0.136834
0.186932 0.139975
0.187643 0.177675
0.189064 0.178722
0.189064 0.122871
0.188353 0.132645
0.186221 0.131074
0.189775 0.144688
0.18551 0.14399
 0.18551 0.116413
0.189064 0.139626
0.189775 0.135787
0.186932 0.128631
0.189775 0.147131
0.189775 0.112574
 0.19404 0.116413
  0.1848 0.144862
0.190486 0.107163
 0.18551 0.107163
0.186932  0.11973
0.188353 0.145211
0.187643 0.125664
0.187643 0.122348
0.188353 0.103498
 0.189064 0.0811578
 0.189775 0.0884882
0.187643 0.090059
 0.187643 0.0844739
 0.18551 0.106989
0.187643 0.109781
 0.189775 0.0986111
0.188353 0.071384
 0.188353 0.0911062
 0.188353 0.0413643
 0.192618 -0.010821
   0.18551 -0.0010472
 0.18551 0.068766
  0.19404 0.0561996
  0.187643 0.00314159
 0.189064 0.0165806
 0.188353 0.0300197
 0.187643 0.0191986
 0.189064 0.0385718
 0.189064 0.0443314
 0.188353 0.0176278
 0.189775 0.0122173
 0.189775 0.0115192
 0.187643 0.0171042
  0.189064 -0.0225147
  0.189064 -0.0649262
    0.1848 -0.0815069
   0.18551 -0.0670206
 0.189775 -0.125489
 0.186932 -0.107861
 0.187643 -0.114145
 0.187643 -0.122871
   0.1848 -0.146084
 0.187643 -0.138928
 0.191907 -0.129154
0.187643 -0.12898
 0.186221 -0.141197
 0.189775 -0.167726
  0.18551 -0.155509
 0.187643 -0.133518
  0.186932 -0.0483456
  0.189064 -0.0415388
  0.189775 -0.0382227
  0.187643 -0.0614356
  0.191907 -0.0481711
  0.191196 -0.0624828
  0.186221 -0.0525344
  0.190486 -0.0363028
  0.189775 -0.0420624
  0.186221 -0.0567232
  0.189064 -0.0577704
  0.187643 -0.0324631
  0.187643 -0.0459022
  0.189775 -0.0733038
  0.187643 -0.0689405
  0.189775 -0.0385718
  0.189064 -0.0366519
   0.18551 -0.0678933
   0.18551 -0.0684169
  0.189775 -0.0380482
  0.190486 -0.0338594
  0.191907 0.00907571
  0.18551 0.0233874
 0.186932 0.0148353
  0.191907 0.00942478
  0.189064 0.00366519
 0.190486 0.0150098
 0.189775 0.0116937
  0.187643 0.00488692
  0.186932 0.00942478
  0.189775 -0.0190241
    0.18551 -0.00610865
  0.189064 -0.0120428
   0.190486 -0.00994838
 0.187643 -0.013439
  0.186221 -0.0427606
  0.189775 -0.0338594
  0.189064 -0.0671952
  0.187643 -0.0750492
  0.188353 -0.0581195
   0.18551 -0.0525344
 0.189064 -0.114319
 0.187643 -0.111177
 0.186932 -0.134041
 0.189775 -0.103323
  0.189775 -0.0961676
  0.190486 -0.0970403
  0.193329 -0.0973894
  0.18551 -0.145386
 0.183378 -0.126013
  0.187643 -0.0890118
  0.183378 -0.0794125
   0.19404 -0.0799361
  0.196172 -0.0851721
   0.18551 -0.0537561
  0.190486 -0.0727802
    0.1848 -0.0858702
 0.188353 -0.082205
  0.190486 -0.0607375
   0.18551 -0.0663225
  0.190486 -0.0708604
  0.189775 -0.0628319
  0.184089 -0.0539307
  0.191907 -0.0656244
0.189064 -0.11013
  0.186221 -0.0909317
 0.188353 -0.071733
  0.186221 -0.0747001
  0.190486 -0.0614356
   0.18551 -0.0579449
  0.188353 -0.0684169
  0.188922 -0.0466003
  0.186932 -0.0251327
  0.190486 -0.0226893
  0.189775 -0.0148353
 0.186932 0.0195477
  0.191196 -0.0141372
   0.18551 -0.0296706
  0.187643 -0.0282743
  0.189348 -0.0235619
    0.1848 -0.0439823
  0.191907 -0.0502655
  0.186932 -0.0268781
  0.187643 -0.0350811
  0.187643 -0.0623083
   0.19404 -0.0614356
  0.191196 -0.0335103
  0.18679 -0.034383
  0.189064 -0.0413643
  0.188353 -0.0420624
 0.189775 -0.023911
  0.191196 -0.0172788
  0.18551 -0.016057
   0.189775 -0.00698132
  0.189775 0.00366519
  0.187643 -0.0340339
   0.189775 -0.00733038
 0.189064 0.0179769
   0.187643 -0.00872665
    0.191907 -0.000174533
  0.18551 0.0162316
    0.18551 -0.00401426
  0.193329 -0.0139626
   0.187643 -0.00191986
   0.186932 -0.00314159
   0.190486 -0.00436332
  0.186221 0.00139626
   0.186221 -0.00977384
  0.191196 -0.0216421
   0.191196 -0.00715585
   0.19404 0.00401426
 0.187643 0.0118682
  0.191907 0.00349066
 0.188353 0.0010472
   0.186932 -0.00191986
   0.191196 -0.00628319
   0.191907 -0.00994838
 0.187643 0.0116937
 0.192618 0.0270526
    0.188353 -0.000174533
0.179113 -0.01309
 0.191196 0.0118682
  0.187643 -0.0115192
   0.186221 0.000349066
 0.191196 0.0101229
  0.186221 0.00541052
     0.19404 -0.000174533
  0.186932 -0.0146608
  0.189775 -0.0144862
 0.191196 0.0172788
  0.18551 0.0115192
 0.186221 -0.015708
   0.189775 -0.00872665
  0.186932 -0.0113446
   0.192618 -0.00942478
  0.189064 -0.0125664
  0.189775 0.00261799
 0.187643 0.0195477
 0.189775 0.0164061
   0.189775 -0.00296706
   0.189775 -0.00349066
   0.189775 -0.00872665
 0.189064 0.0118682
  0.19404 0.0109956
0.189064 0.018675
   0.191196 -0.00872665
  0.1848 0.018675
 0.187643 0.0190241
  0.170584 0.00191986
  0.170584 -0.0214675
0.107326        0
   0.100929 -0.00261799
0.0653906 0.0185005
 0.070366 0.0155334
0.0469106 0.0113446
0.0511753 0.0150098
0.0561506 0.0106465
 0.0575722 0.00750492
  0.0589937 -0.00837758
0.0575722  -0.01309
   0.0554399 -0.000523599
 0.0547291 -0.0139626
 0.0547291 0.00523599
0.0554399  0.013439
  0.0561506 -0.00471239
  0.0547291 -0.00785398
   0.0533076 -0.000523599
0.0533076 0.0020944
 0.0540183 0.00191986
  0.0554399 0.000174533
 0.0561506 0.00383972
   0.0554399 -0.000523599
  0.0554399 -0.00122173
0.0533076 0.0010472
  0.051886 0.00471239
  0.0525968 -0.00191986
   0.01848 0.00418879
-0.00639691           0
         0 -0.0219911
0 0
0 0
         0 -0.0204204
         0 -0.0146608
0 0
0 0
0 0
0 0
         0 -0.0148353
          0 -0.00942478
0 0
0 0
0 0
0 0
0 0
0 0
0 0
0 0
0 0
0 0
0 0
0 0
0 0
0 0
0 0
0 0
0 0
0 0
0 0
0 0
0 0
